48.6926348299
48.901672086
17.0490515847
28.5007165581
57.0159669736
47.3769881474
53.043389306
40.507507954
57.3184206505
53.0642821524
51.0300953121
14.6137868646
48.4967959638
41.0513821033
48.6081367844
37.51435545
45.888676286
25.9384773953
56.8092729123
69.6991301653
23.6195468421
33.1451390267
25.250621942
42.1336148165
34.0367223222
30.4934886771
53.7676118607
61.1783466905
56.9317887148
37.3866584593
53.5637216002
34.601421562
27.405382984
84.3897078225
16.0551883744
19.2553110484
34.9321051957
48.6475133133
22.7930089756
37.205498636
50.0276795188
25.5309618956
39.2342456545
31.3929179328
37.0988688843
23.9496436995
26.1607380381
65.5386800486
43.3359126213
50.6314569797
62.3129623644
27.4012646587
47.9409639076
53.8047139134
26.8526192119
49.1062919193
44.5822475008
44.9261414846
42.6912400812
44.133071739
20.8357106706
16.3199505102
30.6706841281
43.0440023719
42.4608289885
31.0635637125
37.2908975121
48.0480609092
37.6076922047
23.9405861857
48.7079966388
40.8396011356
15.3169433875
56.0923416174
36.7966549749
31.3711889713
49.7337688644
71.0144944672
69.6190284082
35.5191405164
49.7412907032
29.3575384652
48.4788088462
34.4580403747
43.5543143822
42.1553044521
45.1303961962
61.8665022663
20.1013275671
39.3316430643
38.130483014
37.9085157314
38.257424334
55.429563775
42.9582965799
60.5898482888
52.965537005
54.8749634072
49.2735336796
54.71911013
47.352379469
31.8658795508
36.8110832194
49.3649269575
52.1331185523
32.0313677341
69.11466913
19.5822394695
28.2860386277
71.4768626197
19.9741612824
57.6707974269
45.8730869761
56.2711660531
34.0908627961
46.2274869304
60.168922855
53.5875938361
33.4832710886
25.6560821312
23.0059458325
30.6577105832
50.404273982
43.8155483086
46.2700901524
52.9124872529
56.9343170599
48.6325321672
57.3784542585
18.2301305824
37.4012805763
36.8172607652
24.5480806154
29.9307662939
29.7002999249
27.2843271427
39.665248775
34.5380602675
24.764297585
45.7293491847
35.901818405
60.1456068047
44.7652332924
36.3033233825
40.320064653
30.2382402999
57.0621543848
38.5664852671
51.7979385972
39.6375604697
40.8006631243
45.4459926737
39.7308465614
38.2657257047
33.2874288191
59.7867024297
18.8333628863
63.2831350525
54.6652437353
42.1272952707
44.0488019435
40.3536133376
39.8042050586
59.6021036168
39.2212306939
39.8702143929
29.4649735523
36.5539966734
62.1283082417
34.6026534866
30.7716340172
26.9138671564
42.3737855391
66.0189263224
44.264654761
47.4759284929
52.4620062124
42.5878576043
44.9978894302
53.740468572
69.5674502597
57.0473358065
18.9831838061
56.201238209
37.2805947692
23.6219889791
49.8330464968
20.6313150418
64.1690050357
27.827393537
40.5293716499
23.6846765074
38.5379512552
45.0118092967
59.8478604036
41.0373737126
45.5326333943
67.9399792291
50.4297526989
45.5295528569
46.312882561
37.7042767034
47.9218944691
35.1409781914
73.6237949478
38.4745810553
53.6809110941
41.4637282246
33.2965665933
45.7719424545
58.5076052082
29.8103053443
57.3254822196
51.02622103
40.4800258319
22.3810614537
69.5076207275
53.2742179363
25.9382812081
44.5257193666
44.9895598821
39.1160622292
56.5096194109
29.8938231461
29.2539114426
38.4269337245
50.5723529843
15.7092747564
42.9009489333
46.5943188565
29.3981789804
32.0635527919
61.7533790191
31.9421255584
37.5381294543
53.5233629419
43.6372602781
46.3698750662
30.2503900941
52.1940380508
39.0257881991
21.0773791727
25.474118075
52.5801022622
58.0959060247
41.950874064
19.3266750038
51.7401207781
26.43878885
30.9652362643
58.7373710388
36.8826540638
14.8479270248
49.7928971879
36.6486474253
29.8301478068
33.2106762464
51.0557701625
35.7874890627
35.0710092033
38.5242960406
54.7062992462
75.8808050569
24.8691048667
63.0338938796
49.9531944026
36.5772039396
65.82635215
36.6043341405
33.0592433861
24.8562940123
42.4573559513
38.5135981153
42.3748583272
46.9585846582
34.4510760087
30.5597069085
58.6581171946
57.2778564753
44.223757866
38.5405214701
54.2797977534
51.8897215463
39.9347289077
34.235069558
33.5713453827
64.9438602816
32.5276993413
20.3219403373
49.601836406
47.9962172444
36.860113485
79.6913164692
48.6491944638
44.3409258292
27.4452314722
49.7501517231
58.9379380192
84.0175061909
44.7619323946
44.0747981093
55.5416617545
31.0694201093
31.1565223526
25.8463691166
39.3357275324
27.4513703024
39.8241356993
42.5163273706
32.178378538
45.1807323115
32.2465218242
52.2218474152
53.0799995585
37.0797281423
47.3974359086
29.2621203369
48.681488328
22.3185567288
29.2155507237
58.0541640974
35.2299089252
30.2562321344
72.7533958297
9.14090098134
43.9037037943
9.33514367276
36.8618948092
27.935857722
53.0457235333
38.1525937024
47.0075562254
30.3583614255
33.7876384393
43.3615721263
34.0359681385
49.5768664017
49.0944159976
44.2953229839
38.7508813904
68.2012433283
54.694469411
37.0024906702
45.9074936936
52.6715784615
31.0977498449
31.879496386
52.8213564887
29.6653958298
46.5747478596
42.7827719347
46.5227157219
46.1187412934
49.4073791321
52.8570915679
48.2528192056
48.4842012472
55.4989103508
30.8399864947
50.5486253322
26.6952093077
50.4997987277
43.3557367915
53.7476089435
53.5904633531
37.1607322098
53.2899911473
49.101668919
37.4460034297
52.5276744125
34.4223890259
75.1188677219
34.0316339858
41.3070074506
28.760115697
21.2989164477
53.6226663318
30.0924903513
18.1721204305
33.8440086612
46.6189100602
78.3230092888
35.1059452566
60.0873878939
60.8721224864
60.404109641
31.7862269518
42.7464832802
41.379917445
49.3439349035
65.5419540645
39.0079074192
22.1211642845
22.290283772
27.7597584227
51.3161096788
29.8664795627
52.4967168304
32.4564323651
28.4920428082
54.1532470745
39.1260304944
43.0050358408
38.2549224043
33.1816221406
35.5284328561
50.7661483369
31.7189580672
12.6106383038
31.1181402722
25.5438269001
47.4121935505
30.1330585641
24.6239691601
54.2474139273
39.4013500149
25.8339462792
48.0344001069
40.9462422422
39.9582096317
26.928161369
37.6983548404
47.3874878259
44.030568848
25.9745978067
44.4554497932
35.7393165188
44.7676127162
54.3722865503
36.879070872
58.0942447054
34.3627480095
68.372076179
43.8581111362
71.7778199709
45.6398785342
23.9860595812
48.106962869
39.1136585128
42.2899474034
54.0455890598
34.3065097157
26.2111936707
22.9247454077
39.8189664972
17.9632152707
34.3524781596
5.70783329916
43.2966600871
52.5066920505
14.9135288653
39.3739179875
35.2957979279
42.9097799061
35.1543460786
37.2970716507
47.1341656716
52.9691370655
29.9758654227
36.1268357511
33.080033551
32.2529675526
48.0289160185
54.5540840028
36.7612065228
41.1984861188
48.6126909242
54.2483717418
57.9033927626
34.2380757371
53.0018089973
49.7771234686
54.9105114179
32.5663958867
36.4813479127
63.3492156051
23.2629281643
50.0513504885
60.9270407876
39.6910395784
38.7814098302
7.93994411998
25.5158157019
23.9070729506
45.4106235858
39.1961641781
33.558353254
23.3897977909
42.4270265392
52.2771102449
46.1057162112
50.5978053706
29.9498876099
31.74291249
40.2128048918
51.0921361745
17.603651507
21.7876103644
60.1616573082
45.7816060616
51.0795098653
18.6614781391
50.6494842896
45.989291846
31.4011568698
43.8094374542
39.0194781943
36.7870735184
24.8953836188
23.0805821236
59.9794679244
46.2749942763
29.4168227999
35.4223502854
18.0391249994
51.6301196913
33.2208079599
52.5833771716
61.6967081237
39.1123455461
47.9851405687
40.7735182351
60.907328267
51.888604828
67.8496388655
57.4732752519
52.2251241351
34.2826149644
19.8305294708
39.7251134206
54.3331784246
49.6274494514
33.9591757133
37.5804933475
35.7788430544
40.3002763083
17.0566008368
54.2774086619
58.9325755983
20.205556196
16.7573478007
44.8963539954
41.0613645208
34.2771641393
45.5377984602
47.2542093548
50.6820847068
36.4478355958
48.8692621098
19.7606650913
49.3656936174
27.5983863215
41.8495809024
54.6071716083
56.8291621452
58.5629148364
38.5737327166
40.3729851867
28.313889875
11.4154794233
49.8342362275
34.1477127458
39.6322388466
33.021096225
50.196140457
34.6429616478
42.7649344936
51.7278743324
58.4558470513
55.4261487885
41.4579481524
38.0614364187
30.7593544801
22.282355734
33.5210070715
27.4085458514
36.3937026435
52.2015740393
32.8917079615
57.0755836432
28.3626686146
30.708089361
26.5612381773
31.132735169
37.7801606587
48.810906515
44.2867756777
12.8575356396
32.527087398
21.5761676941
39.7362024466
64.6677645525
62.063091526
55.4932303906
36.003424736
42.3922413413
36.5301654143
31.1183771404
41.3103743818
16.6114229156
43.0267409264
51.7552831611
56.037175658
52.4354921829
36.0993581773
64.0441421759
40.6523435138
51.7118195638
28.6439292
41.8365059386
33.7229431093
40.584836283
48.7022923748
33.3790345262
53.1839403672
48.4824290117
43.5786060392
26.4952568292
48.0044213216
58.5693295337
54.2416410747
35.9917819243
33.8019347042
20.0101441108
30.0565423407
32.3229528647
31.3761096393
28.9070892386
45.2982006574
34.7427089321
32.2775486342
30.4527320253
47.2063983619
39.0033799757
36.4743696073
55.3258999623
34.6542698731
55.6752416437
60.9553565134
49.9779366041
23.7426991074
39.1558018113
60.2175833669
29.6256216047
39.5075017963
48.3853466835
39.6762803805
43.1295536689
73.9845404885
38.3481347712
38.2472464235
47.1543386105
19.5933526784
33.8873605548
12.6933627751
38.4065591534
57.641966518
38.3307421206
49.3849547361
53.9540605153
44.9150320734
34.840676997
31.6567304439
47.4296612607
34.8595242391
40.3436513573
47.8083829282
12.0340222567
36.9168689533
49.5199276744
67.7050730875
37.6972685415
38.915026505
34.9455239767
25.411165154
42.2489189256
37.5178473472
52.7725961469
44.7324859815
55.353817542
58.8170142442
56.066479781
39.0675962739
46.2590006965
48.2642162306
79.8118671713
37.3161358545
45.3994475563
39.4851086416
41.1401570607
25.7403940446
64.3031574556
31.7003718067
39.2259668549
48.0619102324
44.151799618
47.016945405
45.4497003763
29.6254914516
30.8605479357
17.997679
38.8108501756
35.4249380637
40.4974004692
73.5524518675
48.0591065791
38.2097407552
52.2628414746
33.6206439065
81.497110294
30.6902304797
49.6788937558
24.7018934649
18.2787686533
35.1699251427
59.952071202
55.5205947112
36.8336619339
60.0729980379
18.2393498073
50.8573815966
52.4235228247
27.5938033839
42.2386416389
46.5196847003
45.3217269069
29.9006986065
32.4729005464
65.2928605002
50.5172000382
62.3847617024
66.3915434398
34.1312186947
39.369581734
49.0586497205
24.1198752064
30.8402206657
51.1846324892
26.8369471534
39.4553974226
52.9797622638
25.3813637072
20.195269251
15.3001693501
33.2227933558
53.5440445885
34.7941637886
35.9495954874
33.6936221778
46.4858165251
44.9726907029
66.747311408
24.4835626467
46.8966068926
42.136198984
32.6581423121
32.5787935445
34.3505960003
24.9479483253
40.7926257268
56.3873489674
26.2539397889
47.4016073783
46.0978855646
49.4429795303
34.3335249621
52.7986451537
61.4808438775
25.7674473018
36.9695255961
77.1978542244
44.9471071358
45.5445627766
21.6736781172
13.8672346438
41.1979237579
4.83775372684
29.7132947082
25.249594325
8.51126408859
55.8199686666
10.6358586148
68.8717534363
37.3324597056
39.1399230785
52.3787241534
60.6068891733
52.9656948531
41.3729249297
61.49550163
44.4601724562
29.3646196706
29.4280930649
43.2059002948
40.1891473128
37.6789810254
26.9595221358
34.131334363
36.6857229381
34.3335950837
50.466862853
63.8738130375
37.0393654096
50.9677271118
31.0240109844
38.8315726105
7.22312117068
38.6446638706
47.5466879131
24.2163395603
41.9600040568
47.5019850085
33.5382488235
39.0196835532
45.7838262439
19.3428867283
50.7196714567
34.3168731297
23.6259805661
32.0380456961
51.1018793672
35.3517433501
53.5676398327
24.7194777461
19.1212158216
59.8066093045
31.4004406148
50.1108107003
46.2631651006
47.2322941832
58.2464877142
40.6439501707
38.3282183505
18.1080229815
45.7788766117
40.4995409183
49.0611356043
25.9015233829
56.6938924567
37.0686905918
39.3943773225
64.8001528836
65.3069643757
40.1566055444
25.7126176788
20.5560958641
47.9293489706
43.7819499426
16.9958910188
64.7531902159
50.6791919188
38.1696458374
35.864365438
29.3395626535
24.9581830132
54.2217628587
31.5472008204
39.9061206436
43.1641944989
38.6093058585
22.7701227591
51.0592863152
22.7426327336
45.1007260613
44.281511117
37.2066000741
51.0964457491
22.9249847952
29.2656625022
40.4377178623
34.3883809038
58.7457163029
8.15965057059
41.8442886624
43.6799742614
49.8182966315
27.5659924805
57.8223195108
40.7306135494
59.0839709218
10.0952084631
44.5088977813
23.6429102954
19.1510724778
53.8858878427
54.6336636753
53.3510239828
57.0275816187
28.943833915
57.52023763
32.2197117076
47.3398010721
47.8631713273
37.225284031
38.6419569823
39.6708616719
26.8508100505
35.85633261
17.4640195229
55.9789400294
49.7042983684
10.8264728505
36.7801598434
39.6626813281
45.4743995767
60.8678243676
37.4106960314
32.9188324607
40.0228699726
28.9221308855
33.2064282467
17.9788401772
28.1015328332
58.6884483292
29.1352030318
49.1200021921
44.3810602293
36.6049221693
28.0694442851
52.5379811936
51.7715464662
39.4876441501
22.7252955307
27.3063530208
30.6574616585
20.2454671013
70.7597294429
39.7666143969
33.9819472717
26.1298846284
54.6292982096
35.3070496566
51.2654547823
47.6392074554
18.2206151834
54.6061341324
38.651363141
63.4923140049
71.9220502105
57.9144053123
40.872623435
48.1093655667
25.6154078656
45.4411933693
67.754289742
56.5571315727
61.6098617794
44.365413944
48.827602533
25.3654038147
23.7354393215
49.3220952743
33.926403792
32.8837804663
50.2609665739
45.0354607692
33.0440481766
55.0067153492
34.4755089365
47.704448436
43.1544892729
55.3251577926
20.9765330348
53.0277103961
61.1856693226
57.6844298077
48.4892319691
32.934794212
25.2829356214
31.0837749625
43.8372096936
43.5547837191
26.5257602986
26.2282785377
37.0198849373
36.909826141
50.1464834615
23.7207669967
40.7922978255
40.3473907954
44.2258017827
56.7520001164
33.6535287332
21.5929714923
31.1315361243
8.84410456996
35.6903908605
42.8553635394
35.3790365214
31.6160988847
39.5151873876
37.1991268409
63.2860880267
19.8997849683
44.6736525242
54.9751479126
50.4287071725
45.0001682852
59.4321948835
28.9892442677
